import math
import pickle
import time
from itertools import product

heuristics = [[0, 78.75169709919324, 124.73893723843237, 192.0500779543541, 84.81817354413836, 42.9342145981777, 95.31290012573756, 137.91356668783354, 207.22891566265065, 262.5244341026688, 316.9580408860918, 355.0303254652117, 420.8441195360189, 498.4110888076668, 571.3721477415811, 656.3052223848167, 742.1568073980746, 822.3504096361547, 457.6786469063144, 228.96885842101122, 163.84265794432633, 108.48915136186442, 195.11349467610074, 305.27401704621246, 405.0942134600963, 447.0449775458653, 514.121659268542, 579.973396461386, 664.8344622907614, 732.0306531693143, 788.5750968174399, 867.9403327589831, 892.281605796251, 838.7184604524834, 766.9570947433173, 451.3983151444206, 346.7321006598309, 285.0253382500888, 174.12944252616626, 241.4256315370807, 317.19789241616775, 373.07311166594405, 416.07338545823694, 524.959193496028, 592.0413279867319, 685.0918605961268, 758.8193792415475, 881.9635757424851, 684.7256960357975, 599.9165598341702, 505.16100528601953, 394.3811088580205, 317.8024270470288, 299.06578674449287, 211.26584259114375, 200.56842635133864, 210.35105373826252, 253.79898438892894, 320.9772986507079, 415.2631236781537, 506.3979381278454, 533.8130986425836, 620.9537845188088, 700.0250649408911, 728.6625149318909, 865.6288028610213, 826.2605386378708, 769.9202747936064, 690.6921256449269, 581.9416825819148, 382.29743009642993, 332.937035230924, 300.29840511888756, 269.2966146569077, 264.69505952925573, 266.77676952789324, 281.6542184880001, 312.51655428597536, 337.53097734025874, 351.5115472098428, 407.81843137990217, 429.00883359981066, 470.7094497999347, 516.9035825350928, 696.5710623861751, 539.481746789238, 502.42939440225234, 443.4355928141225, 408.5969252884531, 383.1088793209413, 378.938704152108, 353.9141602713303, 347.03225534360166, 397.40897862797215, 421.7102162596567, 461.359112686095, 495.3133684484563, 617.1497657535965, 639.1730146442399, 687.1068895228793, 780.2985146361409, 813.6230128559271, 893.4031324711752, 933.1978481677478, 949.8976655858286, 882.7259702663829, 837.8695625626026, 699.3457271638368, 573.7630086465962, 508.3964155580335, 464.1061606858456, 449.8734013223752, 457.716231026683], [78.75169709919324, 0, 45.98869172882541, 113.57731276837991, 160.62257609493383, 81.33069243113727, 51.977339407329254, 75.03087215852014, 135.90987325927088, 189.32952977358087, 242.27541465278384, 279.89683507392675, 344.9283123431273, 422.22516181747505, 495.18539986352437, 580.659859144753, 666.6920962145466, 747.1817515482321, 383.79360579591423, 164.68594902329525, 114.18153625168475, 102.34846069806619, 149.41478010018275, 238.07223000421584, 332.73302050814584, 375.22192834642266, 441.52244643838225, 506.7500272575029, 591.9373301498948, 658.5156063874916, 714.8211032006539, 794.4317087284468, 820.5251908917656, 767.239177309078, 695.3273796353766, 383.81011857740975, 279.8450754128062, 225.69113456747738, 157.44590071437617, 197.923811786349, 262.1758807083335, 311.6839914515539, 355.51452166220304, 463.05935327762984, 525.4694451541715, 619.2542981313917, 690.9686543964245, 815.5891303248077, 621.2730136297006, 537.132137246775, 450.9889635648517, 340.90460944494396, 274.20083043826384, 265.90995221566175, 208.4833816292074, 225.89563217741912, 264.7224217269801, 248.08039143602588, 292.9732485683336, 369.2507228758828, 452.1538376272929, 480.0455170506734, 564.4901323690482, 639.7110510808357, 666.0385715960213, 803.6177674922136, 767.5872115918285, 713.7234039094236, 635.7814592671306, 530.4801209417799, 351.4883654444788, 322.3957907209109, 301.12636758320065, 275.39680251184575, 287.5332515589981, 299.53465834690076, 326.6475681673286, 354.0906307897647, 358.03190124905706, 346.4656589028959, 387.9185945782615, 397.40214397314554, 432.9895572277168, 474.7123975329041, 646.7851842647234, 502.4564236406882, 469.84696304872267, 421.3987983847669, 394.3558554638255, 385.61751204955686, 395.8476235726981, 381.9064686231323, 393.59519994671444, 437.0438238332276, 431.6303717593996, 447.9271150032462, 470.9997981612613, 581.5993089892266, 597.7515204036769, 643.0762509715397, 731.5209134746232, 761.7916318537523, 837.1030879361535, 872.6072771858021, 894.2691715120103, 835.0640283890576, 793.9665940814855, 666.0385715960213, 545.0266659342083, 497.05957771698434, 463.58891140956086, 457.2689776448833, 492.2642078705272], [124.73893723843237, 45.98869172882541, 0, 68.13788424351776, 205.98439157078533, 123.19059533767245, 68.98303759323811, 60.01323324688115, 99.91337513082803, 149.48141957401324, 200.31547985227252, 237.2951601724269, 301.4268809783956, 378.3648513412053, 451.2418422128682, 537.0478518735856, 623.1500855531694, 703.803088755546, 341.8514174932937, 134.8465197421072, 103.9546788146584, 124.68085834470615, 137.81505933018656, 203.03151767555195, 292.23992859007376, 334.95683390709416, 400.4184749366897, 465.0260249801167, 550.3150608028889, 616.3717499694567, 672.4577331749686, 752.1803490157238, 779.4568466920813, 726.408828812118, 654.4706751617197, 346.8130374970893, 244.3925021973181, 197.81399645787312, 165.6506998878145, 184.16136377187678, 236.74128035392712, 280.2362706236248, 324.14062555286876, 429.79950182158933, 488.5552651657239, 582.5760973830933, 652.7405563227047, 778.1687871418003, 586.2430913247093, 502.86708919267716, 423.3194800264032, 315.02115881663366, 257.04938277357917, 256.3969497432303, 220.70174841960224, 251.50555145519385, 301.7510992932351, 256.5769752961345, 285.992522941136, 348.2744830406678, 424.42377594475835, 452.4240760243405, 534.4893963580714, 606.775767277538, 631.4504500929052, 769.1331715838703, 735.3956766424242, 683.3213516639628, 606.513098941503, 504.08630221395686, 341.1568177498366, 325.48136265396704, 311.4137287873433, 289.4257330418835, 309.86610094475225, 326.38137428477586, 358.6711068346146, 384.1331544064447, 377.5671859503823, 352.188296114538, 383.8266306485014, 385.69263630836105, 416.7430552270938, 455.0181576147502, 620.8794199309157, 485.89427708380424, 456.50803791166095, 415.4091746134405, 393.6205021420636, 394.8606164814742, 412.82937582903384, 404.8840710323063, 425.5166953148702, 465.1739686976437, 444.2658005485367, 446.82619730793675, 462.9029103385373, 565.3315443040557, 577.587865120678, 620.9581586289903, 705.9340106145227, 734.1154055211476, 806.3137675308285, 838.9386446944177, 863.7986036716613, 809.8687620182878, 771.3019352568692, 650.6580628748358, 533.3804291591447, 496.5930637600152, 469.8893542708327, 468.14816655414825, 517.3167805114575], [192.0500779543541, 113.57731276837991, 68.13788424351776, 0, 271.0726210353593, 184.94138982150565, 118.53879123247633, 82.12828844884206, 58.48515061307036, 90.46880444384664, 135.76990768069248, 171.46778156877576, 234.33115787592675, 310.85502385841517, 383.6237187891563, 469.63109386506284, 555.7519029270874, 636.5016143575348, 276.33216154278, 99.34085301048918, 111.64777293640881, 167.29857321726107, 134.7323312413603, 150.47747034026526, 228.84229072314744, 271.5698217871805, 335.6939323424239, 399.4472955685795, 484.71709606506374, 550.1850748990776, 606.0262648072603, 685.8090816373735, 714.2166900126475, 661.4554013819053, 589.5587450115675, 287.8825530664846, 189.6019086879574, 158.6374745215775, 186.38967615446913, 170.56248507401466, 199.31865381574784, 231.05113412988143, 274.0489021409836, 375.4727870930455, 428.79351963119586, 522.7694812245502, 590.833521179766, 717.0202991822944, 528.5685732322079, 446.60730989579594, 377.2793255924281, 273.8142386467431, 232.17692286602522, 243.6058608624651, 241.79660901750498, 288.74925497775365, 353.1151056445, 270.3368272460399, 275.51841445369433, 313.88386861744937, 378.2786983354315, 406.0987081118995, 483.98995879375457, 551.8183626407002, 574.198361179588, 711.6450695478567, 680.9801031974212, 631.4891616327319, 556.6016446172132, 459.0238194040642, 323.40239065655646, 328.36153975336094, 325.2364849632856, 309.3953284157028, 340.6628453431996, 363.00681047462206, 401.9688327921397, 424.1698503588136, 402.6597121346809, 358.03190124905706, 374.2434240649236, 364.57967646212535, 388.0609384701137, 420.4782335624262, 575.6235659265952, 455.5908478974896, 431.4835166021987, 402.2187665242168, 388.78817751127644, 404.68053132342374, 433.49736989047125, 434.3736709982574, 467.7302461370087, 501.29646251898157, 458.0009788304908, 440.26981640991096, 445.6189543003424, 534.5114167266609, 540.9364924999637, 581.1243210218338, 660.6665226569557, 685.8196428231686, 753.5608947841195, 782.3495415425342, 811.3241171969148, 764.7156315012137, 729.8407124006563, 620.376131255134, 509.7587197122686, 490.1039150736996, 473.8571967656379, 478.8860991511765, 548.2712213378979], [84.81817354413836, 160.62257609493383, 205.98439157078533, 271.0726210353593, 0, 88.45487372497904, 159.96738597995534, 205.07253266390586, 276.31577902244294, 331.98934818156306, 387.4141367102521, 425.6762437387967, 492.19799190396304, 569.7663108248992, 642.369104522163, 725.8714431193519, 811.0752278156161, 890.4553496630743, 525.266093432719, 290.01635696349535, 218.0106663736834, 142.54284246837395, 242.08475402366358, 366.4325093405477, 470.92290211768693, 511.593668755469, 579.1985902980956, 645.5788224977122, 729.4287459421663, 797.3768117602935, 854.1363198521213, 932.8174572555295, 954.0755808652251, 900.238727891958, 829.0041295426228, 510.06234042927065, 406.43967076750226, 338.35880867923237, 198.32594776238395, 281.8598712099563, 364.626856938028, 425.6698629500285, 466.67216746928085, 575.2884487047353, 647.7223782186134, 738.9977946067347, 815.1216488329854, 935.5117864177224, 735.3858274392892, 650.4729699265714, 546.436827840788, 437.4331098089055, 353.29197529360755, 324.9357010286214, 214.98294192265004, 174.12944252616623, 145.38542704381868, 255.16160166073004, 340.13089179358974, 449.4243865748312, 547.7359291688053, 574.1084784668254, 663.2801848184671, 746.4228281127026, 777.8755372609509, 913.1509279141281, 869.5806729718055, 810.465516795899, 730.335509210881, 618.7409081127486, 401.25420092992823, 332.92887704235295, 290.3377255689723, 256.25566473471025, 233.17306091648857, 223.49413351287325, 223.0724307915672, 256.2026627696354, 303.3878836387689, 344.49494390155394, 414.02070395313535, 447.02269927097336, 494.12198151287436, 544.1788147608769, 729.9014949878703, 560.4725412472498, 519.3447177868402, 450.6033517830043, 408.68776374808095, 366.2842321314199, 346.6642035805344, 310.6656513011756, 283.9592243864698, 340.06433909140617, 395.24334559448727, 458.63311877984023, 503.358366398703, 635.0305480826958, 663.4016585823814, 713.7234039094236, 811.5829704309837, 848.3621123266884, 933.2288936419178, 978.451306481096, 988.5380024268657, 911.8352693189361, 862.8085979292323, 713.475998481489, 584.8236406518637, 502.01115685927573, 447.3850897055039, 425.1250161990796, 404.08050010843004], [42.9342145981777, 81.33069243113727, 123.19059533767245, 184.94138982150565, 88.45487372497904, 0, 71.52186980872948, 116.64475870556483, 187.8990856369513, 243.60586086246522, 299.0022056496828, 337.27068891534975, 403.7734233156497, 481.36016057789357, 554.0076555512892, 637.7052713138072, 723.0407982135554, 802.5997795083767, 437.3337505867627, 203.19198873415746, 133.02815968434592, 67.57750834211338, 160.99416655341923, 279.90653894483467, 383.3073397229133, 424.3576418979963, 491.89622859438106, 558.1934511898135, 642.3803798921682, 710.1537248970602, 766.8803597807662, 845.7873072540814, 868.06549961209, 814.3015206396666, 742.8384331872845, 424.81823281710956, 320.5454429650558, 254.85271713576938, 132.67378076054845, 205.16081184692888, 284.3129169104929, 342.9065210505529, 385.05361292327024, 494.0725071051125, 563.9782613392251, 656.198991870035, 731.2683865673565, 853.0523214284468, 654.2326918550601, 569.2639554124963, 470.44586610907436, 360.0140196533342, 280.4397347492317, 259.06323076710714, 168.33442078123073, 161.08411999893673, 184.7503675052658, 210.87120938865922, 279.8062493835651, 377.92430741754634, 471.70857296429824, 498.80511915606166, 586.8497151259596, 667.6515211434026, 697.5490965747952, 833.8911843118481, 792.775205307494, 735.3476605311189, 655.7090052274226, 545.8350514578447, 341.31866377906584, 290.0413303861682, 257.5771693455082, 226.8993955398263, 225.15696312442907, 230.29755092810524, 250.6798354958589, 280.0003256919614, 297.8250270411006, 308.61008956469817, 365.33383291129985, 388.002607124846, 430.8157443430019, 477.98343765433225, 659.5638017406997, 499.24055090739506, 461.3983592547802, 401.0849377276987, 365.76231322760094, 340.6628453431996, 338.59152225271964, 316.32899641484835, 317.19789241616763, 364.35362211146327, 380.22670638191425, 418.46879650363474, 453.1159511453624, 576.4534390155961, 599.7550568091765, 648.2994063911727, 742.799430342361, 777.1640632765196, 858.6842919635538, 900.5604967066711, 914.8091702914154, 844.7301081877724, 798.8175239245196, 658.1305288108545, 531.9986276655031, 465.46387978494937, 421.5212452699825, 408.0847502176198, 422.7501884233111], [95.31290012573756, 51.977339407329254, 68.98303759323811, 118.53879123247633, 159.96738597995534, 71.52186980872948, 0, 45.134215161551, 116.38833651638302, 172.11601541636372, 227.48918034415374, 265.7600977299465, 332.2537740475716, 409.84695061372014, 482.517386399955, 566.3507789255734, 651.7827967529888, 731.4775939752826, 366.21748780065917, 134.03840307742135, 69.81796102721108, 55.82388646820443, 103.40453468913648, 210.64782880753847, 312.53972984019146, 353.9448571165601, 421.3601235547492, 487.5405266303669, 571.9992915135218, 639.5893245650587, 696.2707526234346, 775.3527464901854, 798.5148498417522, 744.8406721409929, 673.2099330518333, 356.51395643112403, 251.87965528837907, 189.85482269104293, 105.5621871094442, 151.53868285309173, 222.98718250502932, 277.82218589154354, 320.94062762009304, 429.74894262660354, 496.86828708577303, 589.8228237143195, 663.7823142865892, 786.7083449939089, 589.4404853938017, 504.65713073860934, 411.6873836666995, 300.90981210596124, 228.49783038977174, 216.46445714292562, 157.5723586886787, 182.63593611268956, 235.87156005232302, 196.48220977827336, 242.4920622045899, 325.10562245167847, 412.9017418270578, 440.5247378315212, 526.8941463529692, 605.108280521777, 633.4431619426373, 770.5021430110961, 731.737472503043, 676.0483392707672, 597.1802292265214, 489.61043336459215, 301.8560953294709, 270.42054100249663, 249.98905187674674, 225.30167589150213, 241.8040976468645, 257.4541159219749, 290.11311700155153, 315.21940370907913, 310.66565130117556, 294.6434330248892, 336.49668746155993, 348.11587092592123, 385.6269033822595, 429.1396579280769, 605.1052880694162, 455.0181576147502, 420.9989871487281, 370.3035514698169, 342.4943863421355, 334.3724837429672, 347.2174386862641, 336.7656395701821, 356.86170195471175, 396.20654884099883, 381.33708186087136, 396.06713243812976, 420.3425596422473, 533.8198828212536, 552.0824545452481, 598.5613027254111, 689.3800542536728, 721.3659470563798, 799.5618183716616, 838.3038391092704, 856.2949134010577, 792.4290933093829, 749.5420931401212, 617.6967251999034, 495.36089121731135, 445.13920819290286, 411.9072434333284, 406.4864472418764, 448.76111845513304], [137.91356668783354, 75.03087215852014, 60.01323324688115, 82.12828844884206, 205.07253266390586, 116.64475870556483, 45.134215161551, 0, 71.25554043868827, 126.9832960259263, 182.35811739309088, 220.6278953292568, 287.1299258859584, 364.7162347861816, 437.3834330192302, 521.2640374132762, 606.7414477609614, 686.5057713953729, 321.28178846211887, 91.71122467090801, 43.99653620051246, 85.65729430788299, 78.463755743498, 167.47706546557328, 267.8673315248134, 309.50943220076505, 376.80147243300473, 442.88193782362305, 527.4986508004198, 594.958060883878, 651.6035811573697, 730.7841327518043, 754.5010549516178, 700.8975317208988, 629.1766433738485, 313.69343835247645, 209.0644908819156, 151.12587610438297, 109.82452928403686, 125.9524076990674, 187.1604155257208, 237.98094171966295, 281.62528652992097, 389.79985200800536, 454.70964033021073, 548.0746778620249, 621.1986872571847, 744.8224389591586, 548.8125902393153, 464.3089991826214, 376.0414227296582, 265.8793070329271, 200.87965457354053, 197.1170786725967, 165.75451331592717, 207.0715730625861, 272.1925402332264, 199.1596078426622, 226.28006749699898, 294.83081347007163, 377.212126566968, 405.0830384164813, 489.87479438184465, 566.0485601342504, 593.2375188906672, 730.6342091235315, 693.5281720449046, 639.1347685053034, 560.9843832625915, 455.44973071566386, 282.28034942408334, 266.0154808226655, 254.3299563704465, 234.50495825590218, 260.8776724171194, 281.6477894208222, 319.84986433057406, 342.32516189942703, 325.481362653967, 293.2666805708893, 323.88634826173217, 327.32593592592326, 360.3960721722257, 400.7778247775405, 571.7649849498082, 429.7910757021206, 398.84847133419333, 355.69019818549623, 333.6324658272718, 336.93765625337994, 358.7215883418081, 355.37442744987146, 385.692636308361, 420.2973252697058, 387.60338534922994, 386.81774939956745, 403.60297339208296, 509.1367092381992, 523.7505394540638, 568.5637339057355, 656.5217690114517, 686.7892588724394, 762.5720655985901, 799.140476510893, 819.6453004608491, 760.1021120762304, 719.3764016265741, 594.0671709276776, 475.148948078377, 436.59405687769066, 410.8706760330022, 410.6414422442098, 468.94041697246126], [207.22891566265065, 135.90987325927088, 99.91337513082803, 58.48515061307036, 276.31577902244294, 187.8990856369513, 116.38833651638302, 71.25554043868827, 0, 55.75897495035698, 111.10312657876698, 149.3723576831075, 215.88229781038353, 293.461110517646, 366.13589487319774, 450.14702004564896, 535.7228331145883, 615.6295182833014, 250.58230102533759, 40.926113096983805, 75.17553335739971, 149.55408331624892, 85.99486130781783, 103.20295766158688, 197.92381178634906, 240.0680187963682, 306.95101003607857, 372.7453486801949, 457.64501639280195, 524.8022258837276, 581.3564128085532, 660.7117442698159, 685.4961326965648, 632.0566584862105, 560.2043238469173, 248.0803914360259, 144.74258120721484, 102.02950696322904, 148.1734890405954, 114.50617495587, 142.49202052452895, 180.72231716452745, 224.5449254674857, 329.8882671892626, 389.83004555496905, 483.7317399841724, 555.0721516273427, 679.8490720074761, 486.66321988081586, 403.0754682724186, 325.14739280527834, 218.85621835035886, 173.69213995907862, 186.50621827266383, 200.42844184165565, 257.7598831000479, 334.26145006897127, 223.41309865396843, 218.66169968478656, 256.7498221229056, 326.2121173918701, 354.19033610316467, 435.050549769407, 506.86435890866, 531.7586140658543, 669.4391293779033, 635.492313913508, 583.6877663197117, 507.2643167563747, 406.45749101154036, 265.14617471295105, 275.15670780178255, 277.1173835704493, 265.12227121148277, 303.0086505022954, 329.4488553829207, 373.57997011638355, 392.422614064879, 359.92095865289957, 305.6859829658886, 317.02658841136974, 306.10330998955584, 330.0144897992956, 363.62482210485246, 523.2957094036017, 397.87573525571474, 373.12164465843057, 344.3188143387642, 332.5996633017595, 353.5840008746459, 387.66878314417687, 394.1721457442127, 437.3337505867626, 465.2887873076225, 408.27107003936305, 383.4608397803991, 387.2551898989118, 476.97278245500456, 484.8646334004284, 526.228733501798, 608.4118989602488, 635.4225004948394, 706.566011553262, 739.1006992991732, 764.1021050171848, 712.4601026226446, 675.7456080522368, 562.8067520580308, 451.352181329662, 433.1714351141344, 419.94605469414273, 427.6285274051216, 507.9617028530102], [262.5244341026688, 189.32952977358087, 149.48141957401324, 90.46880444384664, 331.98934818156306, 243.60586086246522, 172.11601541636372, 126.9832960259263, 55.75897495035698, 0, 55.482253763592375, 93.70348119766028, 160.2670724078743, 237.78303020626146, 310.4032524122834, 394.40406508596345, 480.01911201044555, 559.9974178904466, 195.15989172207458, 57.37551187789686, 124.17880038492906, 202.35257023181398, 122.77833929095141, 62.031045480143014, 143.40405983645883, 185.9373855012289, 252.24243660401157, 317.71125024741974, 402.78785571342075, 469.6773598996423, 526.1478637810158, 605.6122975905326, 631.198050024644, 577.9138158977387, 505.9990847530592, 198.15696729239357, 99.33173875265898, 85.63615218876346, 190.38817731219484, 132.18838308382183, 123.47688915513488, 142.77765864550634, 184.83855618182793, 285.01263205633023, 339.6247641729496, 433.67485945820107, 503.277419648886, 628.8527880923585, 438.5803160163782, 356.26753720671456, 289.28493056448974, 190.42146237447997, 168.64071321476237, 194.29975293429078, 237.47441639645714, 301.8830884077158, 384.0553676982225, 253.03800908144868, 226.17201110961642, 235.42972671400048, 290.2254430136336, 317.8109735308984, 394.0044358825973, 461.3728493648892, 484.11153588074353, 621.6634453857326, 590.5208345958324, 541.1623976252907, 466.67992768425023, 371.10951051602797, 262.1758807083334, 292.11597993490017, 303.4744137194096, 297.00919997148696, 341.08781085424675, 370.57972872999534, 417.89722994508037, 434.2277436216446, 391.9031622146765, 323.85000663639585, 320.26286966045996, 297.9466006871647, 313.1185612090122, 339.82730567839906, 487.26746698597077, 378.01772645315367, 359.14787377557076, 343.07281972224956, 339.872594496036, 373.3933128402603, 415.40917461344054, 428.51471742752807, 479.7474329591363, 503.0057031400831, 429.8058213027852, 387.54498513534645, 380.82628330876304, 455.63257840685714, 457.6153403578066, 495.55459072585603, 572.1448931771399, 596.2106631621033, 663.1231913844757, 692.1626169475684, 720.8989037117526, 676.0992276680372, 642.9481207843488, 541.2711331330956, 437.4848504665249, 436.1562811314563, 432.7615793560204, 446.1570374166307, 541.1774546140842], [316.9580408860918, 242.27541465278384, 200.31547985227252, 135.76990768069248, 387.4141367102521, 299.0022056496828, 227.48918034415374, 182.35811739309088, 111.10312657876698, 55.482253763592375, 0, 38.27400369851977, 104.79607965136141, 182.3581173930907, 255.0693305323402, 339.42743657646986, 425.21019452415777, 505.40648438007, 141.60607760570315, 107.12867935688203, 178.1947489561232, 257.1303803685119, 172.24747195077703, 62.03104548014313, 93.19969539035269, 135.8565700419018, 200.21602058150532, 264.73610176531946, 350.01447248834376, 416.29310366905526, 472.5523349080642, 552.1874000944906, 579.1657631331238, 526.187439878133, 454.2554405550962, 156.37845857123602, 76.22799419753372, 106.72224597498096, 240.3318671640762, 170.90187102846642, 133.21179229363224, 125.20982957821536, 160.62257609493378, 249.1474087964978, 294.93827309168097, 388.57387672851826, 455.3364078076113, 581.767408476152, 396.2865197144279, 316.4863747465383, 265.7294352652801, 181.16264020245947, 186.3896761544692, 221.1484430354563, 283.557200945068, 351.59395888590166, 436.8614856759057, 293.8927165442613, 251.06238222022156, 231.70850896012215, 266.4813487453748, 292.8434270070407, 361.6549833144478, 422.48882815819115, 442.1597165752931, 578.9828348562985, 551.6148764741117, 505.63214826569913, 434.1568469126002, 346.3767994386519, 276.10271780108815, 322.46318232003483, 340.904609444944, 338.6022178815644, 386.4829020013122, 417.8452305798987, 467.0852195557307, 481.600851955631, 432.368087351965, 354.4433082428821, 338.03220485238666, 305.50822409276475, 311.14614119498077, 329.492822933548, 460.2057352047681, 371.2022055672623, 359.04702353383874, 356.0743473240235, 360.80532370360214, 404.44778908630116, 452.3440222192329, 470.45163959624216, 527.3578906509355, 547.0478724579492, 461.5376576206822, 404.59774413963237, 387.93959942057944, 445.87081742545604, 441.2168043925715, 474.7657964320314, 544.1139247058225, 564.4789050703753, 625.8683499123474, 650.3783155870025, 683.746533026037, 647.3672434762191, 618.5462643919604, 530.2872274531679, 435.99226147448786, 451.37625173434355, 456.9798113106648, 475.16609689561625, 581.5308100821841], [355.0303254652117, 279.89683507392675, 237.2951601724269, 171.46778156877576, 425.6762437387967, 337.27068891534975, 265.7600977299465, 220.6278953292568, 149.3723576831075, 93.70348119766028, 38.27400369851977, 0, 66.57870451631074, 144.0905842833448, 216.79880411153175, 301.28267195701545, 387.13593696421617, 467.4339931027106, 104.86517217882862, 143.22717370413895, 215.40787217150094, 294.67415929623616, 207.25512781610166, 84.50805121309675, 61.958024800940976, 102.92184591667481, 164.5044283576425, 227.99803417237837, 313.28333231666386, 379.0820316211063, 435.1753968782816, 514.8871314977309, 542.7494414252382, 490.0096929205458, 418.1289817638311, 131.3087666894374, 78.78617934433935, 131.60491859418045, 275.06785255866885, 200.77145599955776, 149.68115998445109, 123.98178950137022, 151.0779414822575, 226.74771679949575, 264.72242172698003, 357.49540224776484, 421.93343649582675, 548.7581474099112, 367.31105625852024, 290.01323513445453, 252.7695146729922, 181.90575701628367, 204.43579722928385, 243.3641643441173, 315.8477915563233, 385.7513169557837, 472.87410139368154, 323.0690741135522, 271.44977618229314, 234.23841161105463, 253.35982678823262, 278.26178080890895, 340.5219585818129, 395.95967976068334, 413.23709132562175, 549.1226464201848, 524.5537416014676, 481.20025994116116, 412.3224582197642, 331.1729338151158, 289.1753701282715, 345.0569048199274, 367.64366407588176, 367.8800022354441, 417.8452305798987, 450.2777349765477, 500.6440466237264, 513.9455274701081, 460.44765322678074, 376.8591350957053, 352.53003574022057, 313.8550229739921, 312.93055845342076, 325.08055766327726, 442.23342487655464, 368.67898074464625, 361.35695277991454, 367.23217172048845, 377.0536814782704, 426.74049708148357, 478.0894987891484, 499.32033887297666, 559.7694095243389, 577.0687849963391, 483.90203017925023, 417.87123107133124, 394.7895301273217, 440.4712987899184, 431.13086013133096, 461.2570559794128, 524.972990602184, 542.5759281722666, 599.7943045345056, 621.0179350470773, 657.6130699280644, 627.330593615373, 601.6992602858763, 523.4012375099533, 436.46339256315446, 463.0300242527693, 474.5082820945817, 495.69524951103193, 609.0425257433695], [420.8441195360189, 344.9283123431273, 301.4268809783956, 234.33115787592675, 492.19799190396304, 403.7734233156497, 332.2537740475716, 287.1299258859584, 215.88229781038353, 160.2670724078743, 104.79607965136141, 66.57870451631074, 0, 77.65183989846989, 150.5496533330673, 235.73333605031914, 321.78863121300213, 402.3830527366872, 50.654094799743675, 208.6787107269922, 281.4451986310192, 360.8981566622226, 271.43976998542723, 142.66347202504485, 52.87535323352869, 66.82303085854616, 109.65952839565787, 167.8334804793645, 252.35726842540598, 316.477792491876, 371.9648413189877, 451.76721606225715, 481.8865168217579, 429.8690110051143, 358.3554362986961, 112.6005953901796, 120.62840841604041, 188.14466454747782, 338.6556909588507, 260.0016349045638, 196.50524808635265, 151.43708131109446, 161.23580263982882, 204.05014005922234, 221.94941200446576, 310.6656513011757, 368.9048388671818, 495.92715800548103, 325.2030782642935, 255.34958954930784, 247.8211394051545, 205.35930125714037, 250.13387652862858, 292.95470615324115, 376.54188117574444, 448.32714561322655, 537.4388243793505, 379.99804727975624, 318.0416417827882, 256.89083535452966, 248.07309227040653, 268.970302455188, 315.96243061479794, 358.8225300499874, 370.6017163001582, 503.2432382229929, 484.8142142980689, 447.3628283678983, 384.7901771927804, 318.735485465328, 325.3144205865712, 393.2638210625002, 421.0893002864232, 424.5837350618717, 476.90634179049266, 510.5679737246957, 562.2208871859616, 573.9460231287493, 515.0225103626977, 424.42377594475835, 389.26294536015405, 342.33309616387413, 331.1483282649711, 332.5479389759718, 421.9162699012412, 378.16379712968694, 379.0820316211063, 398.7213323927084, 415.91015327206827, 473.6087467597322, 529.3781473429076, 554.7719485687677, 619.7511935048935, 633.810384098225, 530.3896575099051, 451.7050853805649, 419.0849535790528, 443.47030089876273, 425.9080142297259, 449.1805629231133, 501.25853360947116, 513.2280474057392, 561.5505788853964, 575.810706121237, 618.9047711347854, 600.9358933725293, 581.647564738927, 522.5286937590078, 449.6076709661972, 493.77922370338104, 514.030078265205, 539.4414676694448, 662.2009578103783], [498.4110888076668, 422.22516181747505, 378.3648513412053, 310.85502385841517, 569.7663108248992, 481.36016057789357, 409.84695061372014, 364.7162347861816, 293.461110517646, 237.78303020626146, 182.3581173930907, 144.0905842833448, 77.65183989846989, 0, 72.97551120101627, 158.79149429255375, 244.9105971202176, 325.71493779989964, 58.236936652194856, 284.69479290841633, 357.88267333266225, 437.4972673138296, 345.96356481542483, 214.83970700981652, 110.12912921561387, 87.33208221590138, 68.574967193661, 102.63996426193965, 182.4127223211926, 243.17435734968015, 297.54521914378364, 377.2073261784878, 410.00376389290375, 359.1629988694047, 288.6896741120658, 130.43710094577085, 185.5327971258679, 257.7774449052436, 412.26975571218725, 330.2421172339676, 258.7869935501158, 203.0493540559497, 196.96544836084848, 196.75849143775238, 183.64443584732146, 260.96442055652284, 308.68049089395606, 434.34448944513025, 281.7795559792537, 226.39207149710333, 257.53850174792973, 247.90515214542555, 309.25483519365605, 354.2133410360185, 447.0389017628197, 520.4488000157294, 611.6503104990686, 446.75527331839356, 375.99326662061833, 294.8922237630663, 257.3802556285902, 271.90300371277993, 296.85064544312013, 321.07882733872333, 324.94405989744905, 450.6937591460613, 440.55145492150734, 411.51361139766516, 358.8729902569659, 314.6875960823083, 373.21869170985605, 451.3421516155107, 484.00118257348385, 490.73344538591505, 545.1512387138475, 579.976518584508, 632.8840611840908, 642.8072889269496, 578.3209960255758, 481.4184640638058, 436.0483257652943, 382.14820110155273, 360.8981566622227, 350.73799602313466, 403.9460426521992, 396.69982611682434, 406.51985571396085, 439.9674198364301, 464.2836492167703, 529.2806532931068, 589.1163016678307, 618.7628565699185, 688.4495957725728, 698.8432398263383, 585.069739798678, 494.2465617821906, 452.3360160594924, 452.64815135786273, 426.073790952538, 440.51035103497253, 477.0828637563138, 481.77001608096106, 518.0880172046186, 523.3233909656825, 574.2030914589365, 571.7713188220924, 560.540383137205, 525.3591624633815, 470.0222837585392, 532.3303830487935, 561.5650892154441, 591.1414476653858, 723.1597454488744], [571.3721477415811, 495.18539986352437, 451.2418422128682, 383.6237187891563, 642.369104522163, 554.0076555512892, 482.517386399955, 437.3834330192302, 366.13589487319774, 310.4032524122834, 255.0693305323402, 216.79880411153175, 150.5496533330673, 72.97551120101627, 0, 86.49874176053726, 172.43134273186104, 253.33838499290349, 121.61509915590929, 356.0031456770098, 429.3801018611475, 509.0460099828129, 415.95151148429846, 284.13453246929816, 177.22165412144102, 144.81137075521178, 90.42876513918849, 65.71640922850455, 121.91994596837382, 175.45029161240114, 227.80734718543152, 306.95101003607857, 342.6106796610124, 293.48887570958465, 225.2052110456525, 176.09414805726908, 251.54874567662324, 325.0220656400732, 481.32630370001954, 397.1810934216494, 321.38603807064607, 261.068480275109, 245.6082916786961, 212.41124760726655, 168.8553235245728, 224.4965356403021, 256.90845656629057, 378.4988281501787, 251.63870982444303, 216.98664788258355, 282.116726296939, 297.94660068716473, 368.7158148781904, 414.46001580381295, 513.4820124486578, 587.9594632842468, 680.8005943485805, 510.2557821580489, 433.4973698904713, 339.66741452652394, 281.62528652992097, 289.6414972329832, 292.15626901583585, 295.36159005423883, 290.11311700155153, 404.7364590234444, 403.8586213003172, 384.56658579193515, 344.13207120038896, 323.5143527131067, 423.1954140615987, 508.01338900550445, 544.207097748072, 553.4844545038284, 609.348679598336, 645.0232226675166, 698.8600815920877, 707.1987279227029, 638.2629858286354, 536.9264576921357, 484.0011825734838, 425.6422117600293, 396.9371113621529, 377.57198176366427, 395.5822211804262, 422.27018967661013, 439.34757743359336, 483.4022173102804, 513.0851368268951, 583.2781237967572, 646.0344502081086, 679.092227077857, 752.5786581899114, 759.7589906371063, 637.7975478324204, 537.8699125029086, 488.96464451317973, 468.4323713964502, 434.36741797334093, 440.07647112570834, 460.50270623781654, 457.68655960918835, 480.8388769101556, 476.3991894712729, 534.8907022313688, 548.4016608765277, 545.377058107377, 533.731681772397, 495.3426137688518, 572.0942533232417, 608.5309351663437, 641.3280989980665, 780.464419211125], [656.3052223848167, 580.659859144753, 537.0478518735856, 469.63109386506284, 725.8714431193519, 637.7052713138072, 566.3507789255734, 521.2640374132762, 450.14702004564896, 394.40406508596345, 339.42743657646986, 301.28267195701545, 235.73333605031914, 158.79149429255375, 86.49874176053726, 0, 86.12110780785474, 166.94643943762054, 201.12739010131375, 437.58831342824186, 510.9933821169977, 590.540765640853, 495.36637432034524, 363.62482210485246, 256.52403971896393, 219.15800075756536, 154.13332642049957, 93.12194797712104, 66.80948061388528, 94.80811679095822, 143.0184199005393, 221.29577712444146, 259.59738592469165, 213.00714439095933, 149.63276255048552, 239.34661013437676, 328.0856983574367, 401.7322658782073, 559.1463599519892, 472.8166591524969, 393.13487606173027, 329.8004316642577, 306.4107614330371, 244.91059712021763, 175.29541417311313, 191.88028905067222, 198.143259857214, 309.41873775074055, 224.9195936398917, 221.31623243502943, 317.3034837857722, 357.7510988159608, 436.29533808706276, 482.1926667529269, 587.6776009218867, 663.2051056388505, 758.0888268130325, 580.7970543191607, 497.894928203243, 392.68784632376975, 316.5006779871597, 317.0979763265288, 294.1082820383051, 270.7451053277209, 253.61341705269868, 348.02483133769897, 359.2688566969292, 353.29197529360755, 330.2996848513496, 338.89888692986534, 479.4907058455522, 570.4967970414612, 610.4901985768039, 622.7882076371309, 680.1286781828125, 716.7323473264909, 771.5976834748272, 777.7812548896886, 703.5251701575596, 597.7348591636855, 536.9264576921356, 474.8287231393755, 438.83828200165607, 410.17596852802893, 386.965177637121, 451.8674088379217, 476.4790020182845, 531.2850781234661, 566.5026269541821, 641.8318856724386, 707.5391869948749, 744.5890147979947, 822.6399117031433, 825.5940526368133, 694.3331766233267, 585.0217663284967, 529.1181232900573, 485.51587574259133, 443.9171800409828, 439.1868111011631, 439.4238178183977, 427.40828152395625, 433.42426482498314, 416.88424417294164, 483.8421547451157, 516.7336553532949, 523.7730113038941, 540.4743481683778, 522.587601662294, 614.3045058268174, 658.5815970786696, 694.8154710807255, 841.6204692965862], [742.1568073980746, 666.6920962145466, 623.1500855531694, 555.7519029270874, 811.0752278156161, 723.0407982135554, 651.7827967529888, 606.7414477609614, 535.7228331145883, 480.01911201044555, 425.21019452415777, 387.13593696421617, 321.78863121300213, 244.9105971202176, 172.43134273186104, 86.12110780785474, 0, 80.91775863183051, 285.8468620255977, 522.1161523396097, 595.4159310359962, 674.8003747614434, 578.6653092708585, 447.3628283678982, 340.7345954469588, 301.8950845566736, 235.11417323540888, 169.8123820864747, 100.13061773222111, 54.42786305083631, 68.50892175101097, 139.77201631841766, 184.4315573151695, 145.83311225137285, 102.8074247074079, 316.8551917931051, 410.6061641485707, 483.90764312136594, 641.3902117325915, 554.0713869035425, 472.64429054191316, 408.3043324892146, 380.9332513103788, 304.78426993758706, 224.56508481801944, 203.03151767555192, 173.84323779512502, 258.39485999047145, 237.45154015817045, 262.9551723280324, 375.20503759868706, 430.658099984119, 512.963366781821, 558.5777273267755, 667.625755475193, 743.6046675477056, 839.6171826137794, 658.4166079494638, 571.9850458822721, 460.59510185621053, 374.21681171529696, 369.42721959348074, 327.3038073472118, 280.41713491447643, 251.77898970702367, 313.329568280804, 339.7047291932878, 349.6650958644622, 346.3977095986129, 380.7668436565065, 548.2728726652226, 642.7115056370992, 685.090539054392, 699.3936259157962, 757.5141563281056, 794.636819820048, 850.0636657207958, 854.7318270680208, 776.9496783286868, 668.5689445513448, 602.6224376081499, 538.6352527390978, 497.969477390675, 462.9987379117985, 405.1076231055207, 501.23324607528355, 531.2203173958081, 593.3199259199968, 632.2414148905411, 710.7195560958755, 778.207180728994, 818.0110789597182, 899.1025674556719, 898.9746721380931, 761.3648468077498, 645.8438266462551, 585.2739699096546, 523.6416237516273, 476.6480844411054, 462.5761652001695, 442.8390057714881, 421.40094688236115, 407.23191687505886, 375.64877057279523, 451.6329228948656, 506.3121128171119, 523.9942211352749, 568.0730653001407, 568.4729602883505, 670.9305623555741, 720.9152302210941, 759.519428622907, 911.4290758500447], [822.3504096361547, 747.1817515482321, 703.803088755546, 636.5016143575348, 890.4553496630743, 802.5997795083767, 731.4775939752826, 686.5057713953729, 615.6295182833014, 559.9974178904466, 505.40648438007, 467.4339931027106, 402.3830527366872, 325.71493779989964, 253.33838499290349, 166.94643943762054, 80.91775863183051, 0, 365.2718722253793, 600.9765704921598, 674.1036751526817, 753.2628726732888, 656.3272941004248, 525.6296584483871, 419.62685492692157, 379.8550654432836, 312.46730052591437, 246.23783572558727, 167.42840463294718, 101.16509886479577, 53.8256923799092, 69.51906470760106, 122.80783204643096, 104.86517217882862, 109.163029338927, 391.1840286883576, 487.9711670326855, 560.782608602809, 718.0083072045394, 629.9963316603483, 547.4002787702224, 482.61119531098626, 452.54012888752163, 367.6264251418333, 284.03573576500577, 238.31549447232186, 182.70036932552952, 225.10870486214915, 269.99500613250973, 315.1274795562961, 434.8944404827222, 500.6096853922253, 585.2724229797457, 630.4459879045588, 742.1629070045393, 818.399474390628, 915.3187182398269, 730.9625141867554, 641.9151064635571, 526.4609497847835, 433.7917540787245, 425.14205322935135, 370.01493395618013, 306.9539596020776, 270.82200682938634, 294.8461672424277, 335.326935650724, 360.0341377880049, 374.3740390705453, 428.21881976447355, 614.0524302351033, 710.7501287333833, 754.972494823866, 770.9497061180182, 829.601307142688, 867.1043812001302, 922.9350464126678, 926.2281916422105, 845.5196513421981, 735.329191961133, 665.4959716758991, 600.5018326488339, 556.557724278002, 517.1224785200816, 432.36808735196496, 551.9594460871402, 585.8661437043659, 653.2591029405296, 694.9470662783366, 775.637612082344, 844.3795588325873, 886.4607025137409, 970.0765181622883, 967.1836277864468, 824.4670376595349, 704.3585969767776, 640.4536472830258, 564.7290604994283, 514.1780087015022, 492.54552641744647, 455.75178737903747, 426.33932435303893, 392.94829146445977, 346.7738768701887, 429.6225186081114, 504.39154248263264, 531.6649623643231, 599.3790542012008, 615.33973169005, 725.7254948042216, 780.2056854992528, 820.630008252412, 976.4292523599174], [457.6786469063144, 383.79360579591423, 341.8514174932937, 276.33216154278, 525.266093432719, 437.3337505867627, 366.21748780065917, 321.28178846211887, 250.58230102533759, 195.15989172207458, 141.60607760570315, 104.86517217882862, 50.654094799743675, 58.236936652194856, 121.61509915590929, 201.12739010131375, 285.8468620255977, 365.2718722253793, 0, 236.46576832896713, 309.86610094475225, 389.4210726832459, 294.89222376306634, 162.97833923299223, 55.75897495035695, 30.239549908699814, 60.47909981739963, 123.19059533767249, 208.48772426398372, 274.72203119262383, 331.07176596983027, 410.64144224421005, 437.8882177755121, 385.1570562344256, 313.292002079703, 77.45337587730262, 130.05478028798527, 203.419106035354, 359.82787358443085, 275.6432573556478, 201.586021037986, 144.83012587054782, 140.32152568244962, 159.5877317063489, 171.36742924149928, 260.16872661381007, 319.84986433057406, 446.91736875601663, 274.5703912920071, 205.887670830